ERROR: 2018-04-20 16:17:14.062202	Socket created
ERROR: 2018-04-20 16:17:14.069507	No Connection found
